thomas% mpirun -q -np 9 blah
Please enter the size of the array as a power of 2:
128
Before Sort: , Process 0 has:
74 228 493 499 498 45 273 52 151 50 390 201 216 387 322 155 266 194 279 196 172 31 10 131 469 302 237 472 390 3 336 317 231 329 316 81 226 441 134 378 491 376 431 59 116 105 215 382 299 494 79 323 378 441 454 199 95 43 171 338 398 8 7 481 189 175 63 268 116 49 146 459 277 77 19 245 34 234 128 333 80 59 157 310 352 463 10 299 7 181 137 405 41 496 239 83 171 154 351 287 55 349 247 332 278 266 78 312 352 58 145 432 469 154 243 173 118 105 472 477 138 462 382 180 458 473 115 130

AFTER MergeSort, Process 0 has:
3 7 7 8 10 10 19 31 34 41 43 45 49 50 52 55 58 59 59 63 74 77 78 79 80 81 83 95 105 105 115 116 116 118 128 130 131 134 137 138 145 146 151 154 154 155 157 171 171 172 173 175 180 181 189 194 196 199 201 215 216 226 228 231 234 237 239 243 245 247 266 266 268 273 277 278 279 287 299 299 302 310 312 316 317 322 323 329 332 333 336 338 349 351 352 352 376 378 378 382 382 387 390 390 398 405 431 432 441 441 454 458 459 462 463 469 469 472 472 473 477 481 491 493 494 496 498 499

thomas% mpirun -q -np 12 blah
Please enter the size of the array as a power of 2:
128
Before Sort: , Process 0 has:
253 446 194 251 261 193 123 492 177 484 35 115 161 201 79 168 388 184 36 113 487 285 434 19 189 166 166 491 349 326 221 455 125 415 206 238 460 182 230 137 18 265 104 180 318 35 348 207 220 384 320 59 21 254 430 62 272 449 53 474 127 126 429 252 393 487 490 354 21 72 491 40 189 448 72 8 483 272 67 55 8 239 467 29 494 249 92 118 198 497 92 326 124 373 430 17 213 273 371 86 345 215 478 387 15 50 247 498 322 314 406 330 53 373 212 399 122 156 370 173 153 462 499 277 188 281 147 253

AFTER MergeSort, Process 0 has:
0 0 8 15 17 18 19 21 21 29 35 35 36 40 50 53 53 55 59 62 67 72 72 79 86 92 92 104 113 115 118 122 123 124 125 126 127 137 147 153 156 161 166 168 173 177 180 182 184 188 189 189 193 194 198 201 206 207 212 213 215 220 221 230 238 239 247 249 251 252 253 253 254 261 265 272 272 273 277 281 285 314 318 320 322 326 326 330 345 348 349 354 370 371 373 373 384 387 388 393 399 406 415 429 430 430 434 446 448 449 455 460 462 467 474 478 483 484 487 487 490 491 491 492 494 497 498 499
